1.869675324675324077e+02 6.584870129870128039e+02
2.285259740259739942e+02 5.753701298701297446e+02
2.728549783549782433e+02 5.005649350649349572e+02
3.144134199134198298e+02 4.340714285714284415e+02
3.587424242424241356e+02 3.758896103896101977e+02
4.030714285714285552e+02 3.204783549783547869e+02
4.474004329004328611e+02 2.761493506493504810e+02
4.889588744588743339e+02 2.401320346320344470e+02
5.360584415584414728e+02 2.096558441558439654e+02
5.803874458874457787e+02 1.874913419913417556e+02
6.247164502164501982e+02 1.736385281385279313e+02
6.718160173160172235e+02 1.680974025974023789e+02
7.189155844155843624e+02 1.708679653679652120e+02
7.660151515151515014e+02 1.819502164502163168e+02
8.103441558441556936e+02 1.985735930735928605e+02
8.574437229437228325e+02 2.262792207792206227e+02
9.017727272727272521e+02 2.595259740259738237e+02
9.488722943722943910e+02 3.010844155844154102e+02
9.932012987012985832e+02 3.509545454545452685e+02
1.037530303030303003e+03 4.091363636363635123e+02
1.081859307359307195e+03 4.756298701298700280e+02
1.126188311688311614e+03 5.504350649350648155e+02
1.173287878787878753e+03 6.335519480519478748e+02
1.220387445887445892e+03 7.222099567099566002e+02
